[38][1][47][4547.png][166]
[41][1][5][4547.png][166]
[39][1][48][4547.png][166]
[9][1][50][4547.png][166]
[39][2][54][4547.png][166]
[2][1][51][4547.png][166]
[13][1][49][4547.png][166]
[17][1][53][4547.png][166]
[38][2][52][4547.png][166]
[35][1][56][4547.png][166]
[25][1][55][4547.png][166]
[43][1][57][4547.png][166]
[37][1][58][4547.png][166]
[1][1][59][4547.png][166]
[46][1][61][4547.png][166]
[26][1][60][4547.png][166]
[7][1][62][4547.png][166]
[24][1][63][4547.png][166]
[3][1][64][4547.png][166]
[31][1][65][4547.png][166]
[15][1][66][4547.png][166]
[48][1][68][4547.png][166]
[12][1][71][4547.png][166]
[5][1][69][4547.png][166]
[19][1][72][4547.png][166]
[29][1][67][4547.png][166]
[23][1][70][4547.png][166]
[4][1][73][4547.png][166]
[10][1][74][4547.png][166]
[20][1][75][4547.png][166]
[0][1][78][4547.png][166]
[16][1][79][4547.png][166]
[39][3][80][4547.png][166]
[45][1][76][4547.png][166]
[47][1][77][4547.png][166]
[30][1][81][4547.png][166]
[6][1][82][4547.png][166]
[18][1][83][4547.png][166]
